 0.00000000e+00 0.00000000e+00 0.00000000e+00 0.00000000e+00 0.00000000e+00 0.00000000e+00
 2.29325205e-04 2.29325205e-04 2.29325205e-04 2.29325205e-04 0.00000000e+00 2.29325205e-04
 9.17166901e-04 9.17166901e-04 9.17166901e-04 9.17166901e-04 0.00000000e+00 9.17166901e-04
 2.06312341e-03 2.06312341e-03 2.06312341e-03 2.06312341e-03 0.00000000e+00 2.06312341e-03
 3.66652552e-03 3.66652552e-03 3.66652552e-03 3.66652552e-03 0.00000000e+00 3.66652552e-03
 5.72643689e-03 5.72643689e-03 5.72643689e-03 5.72643689e-03 0.00000000e+00 5.72643689e-03
 8.24165460e-03 8.24165460e-03 8.24165460e-03 8.24165460e-03 0.00000000e+00 8.24165460e-03
 1.12107098e-02 1.12107098e-02 1.12107098e-02 1.12107098e-02 0.00000000e+00 1.12107098e-02
 1.46318687e-02 1.46318687e-02 1.46318687e-02 1.46318687e-02 0.00000000e+00 1.46318687e-02
 1.85031334e-02 1.85031334e-02 1.85031334e-02 1.85031334e-02 0.00000000e+00 1.85031334e-02
 2.28222432e-02 2.28222432e-02 2.28222432e-02 2.28222432e-02 0.00000000e+00 2.28222432e-02
 2.75866759e-02 2.75866759e-02 2.75866759e-02 2.75866759e-02 0.00000000e+00 2.75866759e-02
 3.27936491e-02 3.27936491e-02 3.27936491e-02 3.27936491e-02 0.00000000e+00 3.27936491e-02
 3.84401222e-02 3.84401222e-02 3.84401222e-02 3.84401222e-02 0.00000000e+00 3.84401222e-02
 4.45227978e-02 4.45227978e-02 4.45227978e-02 4.45227978e-02 0.00000000e+00 4.45227978e-02
 5.10381236e-02 5.10381236e-02 5.10381236e-02 5.10381236e-02 0.00000000e+00 5.10381236e-02
 5.79822951e-02 5.79822951e-02 5.79822951e-02 5.79822951e-02 0.00000000e+00 5.79822951e-02
 6.53512570e-02 6.53512570e-02 6.53512570e-02 6.53512570e-02 0.00000000e+00 6.53512570e-02
 7.31407060e-02 7.31407060e-02 7.31407060e-02 7.31407060e-02 0.00000000e+00 7.31407060e-02
 8.13460932e-02 8.13460932e-02 8.13460932e-02 8.13460932e-02 0.00000000e+00 8.13460932e-02
 8.99626271e-02 8.99626271e-02 8.99626271e-02 8.99626271e-02 0.00000000e+00 8.99626271e-02
 9.89852757e-02 9.89852757e-02 9.89852757e-02 9.89852757e-02 0.00000000e+00 9.89852757e-02
 1.08408770e-01 1.08408770e-01 1.08408770e-01 1.08408770e-01 0.00000000e+00 1.08408770e-01
 1.18227607e-01 1.18227607e-01 1.18227607e-01 1.18227607e-01 0.00000000e+00 1.18227607e-01
 1.28436053e-01 1.28436053e-01 1.28436053e-01 1.28436053e-01 0.00000000e+00 1.28436053e-01
 1.39028147e-01 1.39028147e-01 1.39028147e-01 1.39028147e-01 0.00000000e+00 1.39028147e-01
 1.49997702e-01 1.49997702e-01 1.49997702e-01 1.49997702e-01 0.00000000e+00 1.49997702e-01
 1.61338313e-01 1.61338313e-01 1.61338313e-01 1.61338313e-01 0.00000000e+00 1.61338313e-01
 1.73043358e-01 1.73043358e-01 1.73043358e-01 1.73043358e-01 0.00000000e+00 1.73043358e-01
 1.85106000e-01 1.85106000e-01 1.85106000e-01 1.85106000e-01 0.00000000e+00 1.85106000e-01
 1.97519197e-01 1.97519197e-01 1.97519197e-01 1.97519197e-01 0.00000000e+00 1.97519197e-01
 2.10275698e-01 2.10275698e-01 2.10275698e-01 2.10275698e-01 0.00000000e+00 2.10275698e-01
 2.23368054e-01 2.23368054e-01 2.23368054e-01 2.23368054e-01 0.00000000e+00 2.23368054e-01
 2.36788620e-01 2.36788620e-01 2.36788620e-01 2.36788620e-01 0.00000000e+00 2.36788620e-01
 2.50529559e-01 2.50529559e-01 2.50529559e-01 2.50529559e-01 0.00000000e+00 2.50529559e-01
 2.64582846e-01 2.64582846e-01 2.64582846e-01 2.64582846e-01 0.00000000e+00 2.64582846e-01
 2.78940274e-01 2.78940274e-01 2.78940274e-01 2.78940274e-01 0.00000000e+00 2.78940274e-01
 2.93593459e-01 2.93593459e-01 2.93593459e-01 2.93593459e-01 0.00000000e+00 2.93593459e-01
 3.08533845e-01 3.08533845e-01 3.08533845e-01 3.08533845e-01 0.00000000e+00 3.08533845e-01
 3.23752706e-01 3.23752706e-01 3.23752706e-01 3.23752706e-01 0.00000000e+00 3.23752706e-01
 3.39241155e-01 3.39241155e-01 3.39241155e-01 3.39241155e-01 0.00000000e+00 3.39241155e-01
 3.54990147e-01 3.54990147e-01 3.54990147e-01 3.54990147e-01 0.00000000e+00 3.54990147e-01
 3.70990485e-01 3.70990485e-01 3.70990485e-01 3.70990485e-01 0.00000000e+00 3.70990485e-01
 3.87232825e-01 3.87232825e-01 3.87232825e-01 3.87232825e-01 0.00000000e+00 3.87232825e-01
 4.03707683e-01 4.03707683e-01 4.03707683e-01 4.03707683e-01 0.00000000e+00 4.03707683e-01
 4.20405438e-01 4.20405438e-01 4.20405438e-01 4.20405438e-01 0.00000000e+00 4.20405438e-01
 4.37316337e-01 4.37316337e-01 4.37316337e-01 4.37316337e-01 0.00000000e+00 4.37316337e-01
 4.54430507e-01 4.54430507e-01 4.54430507e-01 4.54430507e-01 0.00000000e+00 4.54430507e-01
 4.71737953e-01 4.71737953e-01 4.71737953e-01 4.71737953e-01 0.00000000e+00 4.71737953e-01
 4.89228567e-01 4.89228567e-01 4.89228567e-01 4.89228567e-01 0.00000000e+00 4.89228567e-01
 5.06892136e-01 5.06892136e-01 5.06892136e-01 5.06892136e-01 0.00000000e+00 5.06892136e-01
 5.24718345e-01 5.24718345e-01 5.24718345e-01 5.24718345e-01 0.00000000e+00 5.24718345e-01
 5.42696784e-01 5.42696784e-01 5.42696784e-01 5.42696784e-01 0.00000000e+00 5.42696784e-01
 5.60816953e-01 5.60816953e-01 5.60816953e-01 5.60816953e-01 0.00000000e+00 5.60816953e-01
 5.79068271e-01 5.79068271e-01 5.79068271e-01 5.79068271e-01 0.00000000e+00 5.79068271e-01
 5.97440080e-01 5.97440080e-01 5.97440080e-01 5.97440080e-01 0.00000000e+00 5.97440080e-01
 6.15921652e-01 6.15921652e-01 6.15921652e-01 6.15921652e-01 0.00000000e+00 6.15921652e-01
 6.34502192e-01 6.34502192e-01 6.34502192e-01 6.34502192e-01 0.00000000e+00 6.34502192e-01
 6.53170852e-01 6.53170852e-01 6.53170852e-01 6.53170852e-01 0.00000000e+00 6.53170852e-01
 6.71916729e-01 6.71916729e-01 6.71916729e-01 6.71916729e-01 0.00000000e+00 6.71916729e-01
 6.90728876e-01 6.90728876e-01 6.90728876e-01 6.90728876e-01 0.00000000e+00 6.90728876e-01
 7.09596307e-01 7.09596307e-01 7.09596307e-01 7.09596307e-01 0.00000000e+00 7.09596307e-01
 7.28508004e-01 7.28508004e-01 7.28508004e-01 7.28508004e-01 0.00000000e+00 7.28508004e-01
 7.47452924e-01 7.47452924e-01 7.47452924e-01 7.47452924e-01 0.00000000e+00 7.47452924e-01
 7.66420002e-01 7.66420002e-01 7.66420002e-01 7.66420002e-01 0.00000000e+00 7.66420002e-01
 7.85398163e-01 7.85398163e-01 7.85398163e-01 7.85398163e-01 0.00000000e+00 7.85398163e-01
 8.04376325e-01 8.04376325e-01 8.04376325e-01 8.04376325e-01 0.00000000e+00 8.04376325e-01
 8.23343403e-01 8.23343403e-01 8.23343403e-01 8.23343403e-01 0.00000000e+00 8.23343403e-01
 8.42288322e-01 8.42288322e-01 8.42288322e-01 8.42288322e-01 0.00000000e+00 8.42288322e-01
 8.61200020e-01 8.61200020e-01 8.61200020e-01 8.61200020e-01 0.00000000e+00 8.61200020e-01
 8.80067451e-01 8.80067451e-01 8.80067451e-01 8.80067451e-01 0.00000000e+00 8.80067451e-01
 8.98879598e-01 8.98879598e-01 8.98879598e-01 8.98879598e-01 0.00000000e+00 8.98879598e-01
 9.17625474e-01 9.17625474e-01 9.17625474e-01 9.17625474e-01 0.00000000e+00 9.17625474e-01
 9.36294134e-01 9.36294134e-01 9.36294134e-01 9.36294134e-01 0.00000000e+00 9.36294134e-01
 9.54874675e-01 9.54874675e-01 9.54874675e-01 9.54874675e-01 0.00000000e+00 9.54874675e-01
 9.73356247e-01 9.73356247e-01 9.73356247e-01 9.73356247e-01 0.00000000e+00 9.73356247e-01
 9.91728056e-01 9.91728056e-01 9.91728056e-01 9.91728056e-01 0.00000000e+00 9.91728056e-01
 1.00997937e+00 1.00997937e+00 1.00997937e+00 1.00997937e+00 0.00000000e+00 1.00997937e+00
 1.02809954e+00 1.02809954e+00 1.02809954e+00 1.02809954e+00 0.00000000e+00 1.02809954e+00
 1.04607798e+00 1.04607798e+00 1.04607798e+00 1.04607798e+00 0.00000000e+00 1.04607798e+00
 1.06390419e+00 1.06390419e+00 1.06390419e+00 1.06390419e+00 0.00000000e+00 1.06390419e+00
 1.08156776e+00 1.08156776e+00 1.08156776e+00 1.08156776e+00 0.00000000e+00 1.08156776e+00
 1.09905837e+00 1.09905837e+00 1.09905837e+00 1.09905837e+00 0.00000000e+00 1.09905837e+00
 1.11636582e+00 1.11636582e+00 1.11636582e+00 1.11636582e+00 0.00000000e+00 1.11636582e+00
 1.13347999e+00 1.13347999e+00 1.13347999e+00 1.13347999e+00 0.00000000e+00 1.13347999e+00
 1.15039089e+00 1.15039089e+00 1.15039089e+00 1.15039089e+00 0.00000000e+00 1.15039089e+00
 1.16708864e+00 1.16708864e+00 1.16708864e+00 1.16708864e+00 0.00000000e+00 1.16708864e+00
 1.18356350e+00 1.18356350e+00 1.18356350e+00 1.18356350e+00 0.00000000e+00 1.18356350e+00
 1.19980584e+00 1.19980584e+00 1.19980584e+00 1.19980584e+00 0.00000000e+00 1.19980584e+00
 1.21580618e+00 1.21580618e+00 1.21580618e+00 1.21580618e+00 0.00000000e+00 1.21580618e+00
 1.23155517e+00 1.23155517e+00 1.23155517e+00 1.23155517e+00 0.00000000e+00 1.23155517e+00
 1.24704362e+00 1.24704362e+00 1.24704362e+00 1.24704362e+00 0.00000000e+00 1.24704362e+00
 1.26226248e+00 1.26226248e+00 1.26226248e+00 1.26226248e+00 0.00000000e+00 1.26226248e+00
 1.27720287e+00 1.27720287e+00 1.27720287e+00 1.27720287e+00 0.00000000e+00 1.27720287e+00
 1.29185605e+00 1.29185605e+00 1.29185605e+00 1.29185605e+00 0.00000000e+00 1.29185605e+00
 1.30621348e+00 1.30621348e+00 1.30621348e+00 1.30621348e+00 0.00000000e+00 1.30621348e+00
 1.32026677e+00 1.32026677e+00 1.32026677e+00 1.32026677e+00 0.00000000e+00 1.32026677e+00
 1.33400771e+00 1.33400771e+00 1.33400771e+00 1.33400771e+00 0.00000000e+00 1.33400771e+00
 1.34742827e+00 1.34742827e+00 1.34742827e+00 1.34742827e+00 0.00000000e+00 1.34742827e+00
 1.36052063e+00 1.36052063e+00 1.36052063e+00 1.36052063e+00 0.00000000e+00 1.36052063e+00
 1.37327713e+00 1.37327713e+00 1.37327713e+00 1.37327713e+00 0.00000000e+00 1.37327713e+00
 1.38569033e+00 1.38569033e+00 1.38569033e+00 1.38569033e+00 0.00000000e+00 1.38569033e+00
 1.39775297e+00 1.39775297e+00 1.39775297e+00 1.39775297e+00 0.00000000e+00 1.39775297e+00
 1.40945801e+00 1.40945801e+00 1.40945801e+00 1.40945801e+00 0.00000000e+00 1.40945801e+00
 1.42079862e+00 1.42079862e+00 1.42079862e+00 1.42079862e+00 0.00000000e+00 1.42079862e+00
 1.43176818e+00 1.43176818e+00 1.43176818e+00 1.43176818e+00 0.00000000e+00 1.43176818e+00
 1.44236027e+00 1.44236027e+00 1.44236027e+00 1.44236027e+00 0.00000000e+00 1.44236027e+00
 1.45256872e+00 1.45256872e+00 1.45256872e+00 1.45256872e+00 0.00000000e+00 1.45256872e+00
 1.46238756e+00 1.46238756e+00 1.46238756e+00 1.46238756e+00 0.00000000e+00 1.46238756e+00
 1.47181105e+00 1.47181105e+00 1.47181105e+00 1.47181105e+00 0.00000000e+00 1.47181105e+00
 1.48083370e+00 1.48083370e+00 1.48083370e+00 1.48083370e+00 0.00000000e+00 1.48083370e+00
 1.48945023e+00 1.48945023e+00 1.48945023e+00 1.48945023e+00 0.00000000e+00 1.48945023e+00
 1.49765562e+00 1.49765562e+00 1.49765562e+00 1.49765562e+00 0.00000000e+00 1.49765562e+00
 1.50544507e+00 1.50544507e+00 1.50544507e+00 1.50544507e+00 0.00000000e+00 1.50544507e+00
 1.51281403e+00 1.51281403e+00 1.51281403e+00 1.51281403e+00 0.00000000e+00 1.51281403e+00
 1.51975820e+00 1.51975820e+00 1.51975820e+00 1.51975820e+00 0.00000000e+00 1.51975820e+00
 1.52627353e+00 1.52627353e+00 1.52627353e+00 1.52627353e+00 0.00000000e+00 1.52627353e+00
 1.53235620e+00 1.53235620e+00 1.53235620e+00 1.53235620e+00 0.00000000e+00 1.53235620e+00
 1.53800268e+00 1.53800268e+00 1.53800268e+00 1.53800268e+00 0.00000000e+00 1.53800268e+00
 1.54320965e+00 1.54320965e+00 1.54320965e+00 1.54320965e+00 0.00000000e+00 1.54320965e+00
 1.54797408e+00 1.54797408e+00 1.54797408e+00 1.54797408e+00 0.00000000e+00 1.54797408e+00
 1.55229319e+00 1.55229319e+00 1.55229319e+00 1.55229319e+00 0.00000000e+00 1.55229319e+00
 1.55616446e+00 1.55616446e+00 1.55616446e+00 1.55616446e+00 0.00000000e+00 1.55616446e+00
 1.55958562e+00 1.55958562e+00 1.55958562e+00 1.55958562e+00 0.00000000e+00 1.55958562e+00
 1.56255467e+00 1.56255467e+00 1.56255467e+00 1.56255467e+00 0.00000000e+00 1.56255467e+00
 1.56506989e+00 1.56506989e+00 1.56506989e+00 1.56506989e+00 0.00000000e+00 1.56506989e+00
 1.56712980e+00 1.56712980e+00 1.56712980e+00 1.56712980e+00 0.00000000e+00 1.56712980e+00
 1.56873320e+00 1.56873320e+00 1.56873320e+00 1.56873320e+00 0.00000000e+00 1.56873320e+00
 1.56987916e+00 1.56987916e+00 1.56987916e+00 1.56987916e+00 0.00000000e+00 1.56987916e+00
 1.57056700e+00 1.57056700e+00 1.57056700e+00 1.57056700e+00 0.00000000e+00 1.57056700e+00
 1.57079633e+00 1.57079633e+00 1.57079633e+00 1.57079633e+00 0.00000000e+00 1.57079633e+00
