 0.00000000e+00 0.00000000e+00 0.00000000e+00 0.00000000e+00 0.00000000e+00 0.00000000e+00
 1.20830487e-02 1.20830487e-02 1.20830487e-02 1.20830487e-02 0.00000000e+00 1.20830487e-02
 2.41660973e-02 2.41660973e-02 2.41660973e-02 2.41660973e-02 0.00000000e+00 2.41660973e-02
 3.62491460e-02 3.62491460e-02 3.62491460e-02 3.62491460e-02 0.00000000e+00 3.62491460e-02
 4.83321947e-02 4.83321947e-02 4.83321947e-02 4.83321947e-02 0.00000000e+00 4.83321947e-02
 6.04152433e-02 6.04152433e-02 6.04152433e-02 6.04152433e-02 0.00000000e+00 6.04152433e-02
 7.24982920e-02 7.24982920e-02 7.24982920e-02 7.24982920e-02 0.00000000e+00 7.24982920e-02
 8.45813407e-02 8.45813407e-02 8.45813407e-02 8.45813407e-02 0.00000000e+00 8.45813407e-02
 9.66643893e-02 9.66643893e-02 9.66643893e-02 9.66643893e-02 0.00000000e+00 9.66643893e-02
 1.08747438e-01 1.08747438e-01 1.08747438e-01 1.08747438e-01 0.00000000e+00 1.08747438e-01
 1.20830487e-01 1.20830487e-01 1.20830487e-01 1.20830487e-01 0.00000000e+00 1.20830487e-01
 1.32913535e-01 1.32913535e-01 1.32913535e-01 1.32913535e-01 0.00000000e+00 1.32913535e-01
 1.44996584e-01 1.44996584e-01 1.44996584e-01 1.44996584e-01 0.00000000e+00 1.44996584e-01
 1.57079633e-01 1.57079633e-01 1.57079633e-01 1.57079633e-01 0.00000000e+00 1.57079633e-01
 1.69162681e-01 1.69162681e-01 1.69162681e-01 1.69162681e-01 0.00000000e+00 1.69162681e-01
 1.81245730e-01 1.81245730e-01 1.81245730e-01 1.81245730e-01 0.00000000e+00 1.81245730e-01
 1.93328779e-01 1.93328779e-01 1.93328779e-01 1.93328779e-01 0.00000000e+00 1.93328779e-01
 2.05411827e-01 2.05411827e-01 2.05411827e-01 2.05411827e-01 0.00000000e+00 2.05411827e-01
 2.17494876e-01 2.17494876e-01 2.17494876e-01 2.17494876e-01 0.00000000e+00 2.17494876e-01
 2.29577925e-01 2.29577925e-01 2.29577925e-01 2.29577925e-01 0.00000000e+00 2.29577925e-01
 2.41660973e-01 2.41660973e-01 2.41660973e-01 2.41660973e-01 0.00000000e+00 2.41660973e-01
 2.53744022e-01 2.53744022e-01 2.53744022e-01 2.53744022e-01 0.00000000e+00 2.53744022e-01
 2.65827071e-01 2.65827071e-01 2.65827071e-01 2.65827071e-01 0.00000000e+00 2.65827071e-01
 2.77910119e-01 2.77910119e-01 2.77910119e-01 2.77910119e-01 0.00000000e+00 2.77910119e-01
 2.89993168e-01 2.89993168e-01 2.89993168e-01 2.89993168e-01 0.00000000e+00 2.89993168e-01
 3.02076217e-01 3.02076217e-01 3.02076217e-01 3.02076217e-01 0.00000000e+00 3.02076217e-01
 3.14159265e-01 3.14159265e-01 3.14159265e-01 3.14159265e-01 0.00000000e+00 3.14159265e-01
 3.26242314e-01 3.26242314e-01 3.26242314e-01 3.26242314e-01 0.00000000e+00 3.26242314e-01
 3.38325363e-01 3.38325363e-01 3.38325363e-01 3.38325363e-01 0.00000000e+00 3.38325363e-01
 3.50408411e-01 3.50408411e-01 3.50408411e-01 3.50408411e-01 0.00000000e+00 3.50408411e-01
 3.62491460e-01 3.62491460e-01 3.62491460e-01 3.62491460e-01 0.00000000e+00 3.62491460e-01
 3.74574509e-01 3.74574509e-01 3.74574509e-01 3.74574509e-01 0.00000000e+00 3.74574509e-01
 3.86657557e-01 3.86657557e-01 3.86657557e-01 3.86657557e-01 0.00000000e+00 3.86657557e-01
 3.98740606e-01 3.98740606e-01 3.98740606e-01 3.98740606e-01 0.00000000e+00 3.98740606e-01
 4.10823655e-01 4.10823655e-01 4.10823655e-01 4.10823655e-01 0.00000000e+00 4.10823655e-01
 4.22906703e-01 4.22906703e-01 4.22906703e-01 4.22906703e-01 0.00000000e+00 4.22906703e-01
 4.34989752e-01 4.34989752e-01 4.34989752e-01 4.34989752e-01 0.00000000e+00 4.34989752e-01
 4.47072801e-01 4.47072801e-01 4.47072801e-01 4.47072801e-01 0.00000000e+00 4.47072801e-01
 4.59155849e-01 4.59155849e-01 4.59155849e-01 4.59155849e-01 0.00000000e+00 4.59155849e-01
 4.71238898e-01 4.71238898e-01 4.71238898e-01 4.71238898e-01 0.00000000e+00 4.71238898e-01
 4.83321947e-01 4.83321947e-01 4.83321947e-01 4.83321947e-01 0.00000000e+00 4.83321947e-01
 4.95404995e-01 4.95404995e-01 4.95404995e-01 4.95404995e-01 0.00000000e+00 4.95404995e-01
 5.07488044e-01 5.07488044e-01 5.07488044e-01 5.07488044e-01 0.00000000e+00 5.07488044e-01
 5.19571093e-01 5.19571093e-01 5.19571093e-01 5.19571093e-01 0.00000000e+00 5.19571093e-01
 5.31654141e-01 5.31654141e-01 5.31654141e-01 5.31654141e-01 0.00000000e+00 5.31654141e-01
 5.43737190e-01 5.43737190e-01 5.43737190e-01 5.43737190e-01 0.00000000e+00 5.43737190e-01
 5.55820239e-01 5.55820239e-01 5.55820239e-01 5.55820239e-01 0.00000000e+00 5.55820239e-01
 5.67903287e-01 5.67903287e-01 5.67903287e-01 5.67903287e-01 0.00000000e+00 5.67903287e-01
 5.79986336e-01 5.79986336e-01 5.79986336e-01 5.79986336e-01 0.00000000e+00 5.79986336e-01
 5.92069385e-01 5.92069385e-01 5.92069385e-01 5.92069385e-01 0.00000000e+00 5.92069385e-01
 6.04152433e-01 6.04152433e-01 6.04152433e-01 6.04152433e-01 0.00000000e+00 6.04152433e-01
 6.16235482e-01 6.16235482e-01 6.16235482e-01 6.16235482e-01 0.00000000e+00 6.16235482e-01
 6.28318531e-01 6.28318531e-01 6.28318531e-01 6.28318531e-01 0.00000000e+00 6.28318531e-01
 6.40401579e-01 6.40401579e-01 6.40401579e-01 6.40401579e-01 0.00000000e+00 6.40401579e-01
 6.52484628e-01 6.52484628e-01 6.52484628e-01 6.52484628e-01 0.00000000e+00 6.52484628e-01
 6.64567677e-01 6.64567677e-01 6.64567677e-01 6.64567677e-01 0.00000000e+00 6.64567677e-01
 6.76650725e-01 6.76650725e-01 6.76650725e-01 6.76650725e-01 0.00000000e+00 6.76650725e-01
 6.88733774e-01 6.88733774e-01 6.88733774e-01 6.88733774e-01 0.00000000e+00 6.88733774e-01
 7.00816823e-01 7.00816823e-01 7.00816823e-01 7.00816823e-01 0.00000000e+00 7.00816823e-01
 7.12899871e-01 7.12899871e-01 7.12899871e-01 7.12899871e-01 0.00000000e+00 7.12899871e-01
 7.24982920e-01 7.24982920e-01 7.24982920e-01 7.24982920e-01 0.00000000e+00 7.24982920e-01
 7.37065969e-01 7.37065969e-01 7.37065969e-01 7.37065969e-01 0.00000000e+00 7.37065969e-01
 7.49149017e-01 7.49149017e-01 7.49149017e-01 7.49149017e-01 0.00000000e+00 7.49149017e-01
 7.61232066e-01 7.61232066e-01 7.61232066e-01 7.61232066e-01 0.00000000e+00 7.61232066e-01
 7.73315115e-01 7.73315115e-01 7.73315115e-01 7.73315115e-01 0.00000000e+00 7.73315115e-01
 7.85398163e-01 7.85398163e-01 7.85398163e-01 7.85398163e-01 0.00000000e+00 7.85398163e-01
 7.97481212e-01 7.97481212e-01 7.97481212e-01 7.97481212e-01 0.00000000e+00 7.97481212e-01
 8.09564261e-01 8.09564261e-01 8.09564261e-01 8.09564261e-01 0.00000000e+00 8.09564261e-01
 8.21647309e-01 8.21647309e-01 8.21647309e-01 8.21647309e-01 0.00000000e+00 8.21647309e-01
 8.33730358e-01 8.33730358e-01 8.33730358e-01 8.33730358e-01 0.00000000e+00 8.33730358e-01
 8.45813407e-01 8.45813407e-01 8.45813407e-01 8.45813407e-01 0.00000000e+00 8.45813407e-01
 8.57896455e-01 8.57896455e-01 8.57896455e-01 8.57896455e-01 0.00000000e+00 8.57896455e-01
 8.69979504e-01 8.69979504e-01 8.69979504e-01 8.69979504e-01 0.00000000e+00 8.69979504e-01
 8.82062553e-01 8.82062553e-01 8.82062553e-01 8.82062553e-01 0.00000000e+00 8.82062553e-01
 8.94145601e-01 8.94145601e-01 8.94145601e-01 8.94145601e-01 0.00000000e+00 8.94145601e-01
 9.06228650e-01 9.06228650e-01 9.06228650e-01 9.06228650e-01 0.00000000e+00 9.06228650e-01
 9.18311699e-01 9.18311699e-01 9.18311699e-01 9.18311699e-01 0.00000000e+00 9.18311699e-01
 9.30394747e-01 9.30394747e-01 9.30394747e-01 9.30394747e-01 0.00000000e+00 9.30394747e-01
 9.42477796e-01 9.42477796e-01 9.42477796e-01 9.42477796e-01 0.00000000e+00 9.42477796e-01
 9.54560845e-01 9.54560845e-01 9.54560845e-01 9.54560845e-01 0.00000000e+00 9.54560845e-01
 9.66643893e-01 9.66643893e-01 9.66643893e-01 9.66643893e-01 0.00000000e+00 9.66643893e-01
 9.78726942e-01 9.78726942e-01 9.78726942e-01 9.78726942e-01 0.00000000e+00 9.78726942e-01
 9.90809991e-01 9.90809991e-01 9.90809991e-01 9.90809991e-01 0.00000000e+00 9.90809991e-01
 1.00289304e+00 1.00289304e+00 1.00289304e+00 1.00289304e+00 0.00000000e+00 1.00289304e+00
 1.01497609e+00 1.01497609e+00 1.01497609e+00 1.01497609e+00 0.00000000e+00 1.01497609e+00
 1.02705914e+00 1.02705914e+00 1.02705914e+00 1.02705914e+00 0.00000000e+00 1.02705914e+00
 1.03914219e+00 1.03914219e+00 1.03914219e+00 1.03914219e+00 0.00000000e+00 1.03914219e+00
 1.05122523e+00 1.05122523e+00 1.05122523e+00 1.05122523e+00 0.00000000e+00 1.05122523e+00
 1.06330828e+00 1.06330828e+00 1.06330828e+00 1.06330828e+00 0.00000000e+00 1.06330828e+00
 1.07539133e+00 1.07539133e+00 1.07539133e+00 1.07539133e+00 0.00000000e+00 1.07539133e+00
 1.08747438e+00 1.08747438e+00 1.08747438e+00 1.08747438e+00 0.00000000e+00 1.08747438e+00
 1.09955743e+00 1.09955743e+00 1.09955743e+00 1.09955743e+00 0.00000000e+00 1.09955743e+00
 1.11164048e+00 1.11164048e+00 1.11164048e+00 1.11164048e+00 0.00000000e+00 1.11164048e+00
 1.12372353e+00 1.12372353e+00 1.12372353e+00 1.12372353e+00 0.00000000e+00 1.12372353e+00
 1.13580657e+00 1.13580657e+00 1.13580657e+00 1.13580657e+00 0.00000000e+00 1.13580657e+00
 1.14788962e+00 1.14788962e+00 1.14788962e+00 1.14788962e+00 0.00000000e+00 1.14788962e+00
 1.15997267e+00 1.15997267e+00 1.15997267e+00 1.15997267e+00 0.00000000e+00 1.15997267e+00
 1.17205572e+00 1.17205572e+00 1.17205572e+00 1.17205572e+00 0.00000000e+00 1.17205572e+00
 1.18413877e+00 1.18413877e+00 1.18413877e+00 1.18413877e+00 0.00000000e+00 1.18413877e+00
 1.19622182e+00 1.19622182e+00 1.19622182e+00 1.19622182e+00 0.00000000e+00 1.19622182e+00
 1.20830487e+00 1.20830487e+00 1.20830487e+00 1.20830487e+00 0.00000000e+00 1.20830487e+00
 1.22038792e+00 1.22038792e+00 1.22038792e+00 1.22038792e+00 0.00000000e+00 1.22038792e+00
 1.23247096e+00 1.23247096e+00 1.23247096e+00 1.23247096e+00 0.00000000e+00 1.23247096e+00
 1.24455401e+00 1.24455401e+00 1.24455401e+00 1.24455401e+00 0.00000000e+00 1.24455401e+00
 1.25663706e+00 1.25663706e+00 1.25663706e+00 1.25663706e+00 0.00000000e+00 1.25663706e+00
 1.26872011e+00 1.26872011e+00 1.26872011e+00 1.26872011e+00 0.00000000e+00 1.26872011e+00
 1.28080316e+00 1.28080316e+00 1.28080316e+00 1.28080316e+00 0.00000000e+00 1.28080316e+00
 1.29288621e+00 1.29288621e+00 1.29288621e+00 1.29288621e+00 0.00000000e+00 1.29288621e+00
 1.30496926e+00 1.30496926e+00 1.30496926e+00 1.30496926e+00 0.00000000e+00 1.30496926e+00
 1.31705230e+00 1.31705230e+00 1.31705230e+00 1.31705230e+00 0.00000000e+00 1.31705230e+00
 1.32913535e+00 1.32913535e+00 1.32913535e+00 1.32913535e+00 0.00000000e+00 1.32913535e+00
 1.34121840e+00 1.34121840e+00 1.34121840e+00 1.34121840e+00 0.00000000e+00 1.34121840e+00
 1.35330145e+00 1.35330145e+00 1.35330145e+00 1.35330145e+00 0.00000000e+00 1.35330145e+00
 1.36538450e+00 1.36538450e+00 1.36538450e+00 1.36538450e+00 0.00000000e+00 1.36538450e+00
 1.37746755e+00 1.37746755e+00 1.37746755e+00 1.37746755e+00 0.00000000e+00 1.37746755e+00
 1.38955060e+00 1.38955060e+00 1.38955060e+00 1.38955060e+00 0.00000000e+00 1.38955060e+00
 1.40163365e+00 1.40163365e+00 1.40163365e+00 1.40163365e+00 0.00000000e+00 1.40163365e+00
 1.41371669e+00 1.41371669e+00 1.41371669e+00 1.41371669e+00 0.00000000e+00 1.41371669e+00
 1.42579974e+00 1.42579974e+00 1.42579974e+00 1.42579974e+00 0.00000000e+00 1.42579974e+00
 1.43788279e+00 1.43788279e+00 1.43788279e+00 1.43788279e+00 0.00000000e+00 1.43788279e+00
 1.44996584e+00 1.44996584e+00 1.44996584e+00 1.44996584e+00 0.00000000e+00 1.44996584e+00
 1.46204889e+00 1.46204889e+00 1.46204889e+00 1.46204889e+00 0.00000000e+00 1.46204889e+00
 1.47413194e+00 1.47413194e+00 1.47413194e+00 1.47413194e+00 0.00000000e+00 1.47413194e+00
 1.48621499e+00 1.48621499e+00 1.48621499e+00 1.48621499e+00 0.00000000e+00 1.48621499e+00
 1.49829803e+00 1.49829803e+00 1.49829803e+00 1.49829803e+00 0.00000000e+00 1.49829803e+00
 1.51038108e+00 1.51038108e+00 1.51038108e+00 1.51038108e+00 0.00000000e+00 1.51038108e+00
 1.52246413e+00 1.52246413e+00 1.52246413e+00 1.52246413e+00 0.00000000e+00 1.52246413e+00
 1.53454718e+00 1.53454718e+00 1.53454718e+00 1.53454718e+00 0.00000000e+00 1.53454718e+00
 1.54663023e+00 1.54663023e+00 1.54663023e+00 1.54663023e+00 0.00000000e+00 1.54663023e+00
 1.55871328e+00 1.55871328e+00 1.55871328e+00 1.55871328e+00 0.00000000e+00 1.55871328e+00
 1.57079633e+00 1.57079633e+00 1.57079633e+00 1.57079633e+00 0.00000000e+00 1.57079633e+00
