 0.00000000e+00 0.00000000e+00 0.00000000e+00 0.00000000e+00 0.00000000e+00 0.00000000e+00
 7.31634140e-04 7.31634140e-04 7.31634140e-04 7.31634140e-04 0.00000000e+00 7.31634140e-04
 2.79817969e-03 2.79817969e-03 2.79817969e-03 2.79817969e-03 0.00000000e+00 2.79817969e-03
 6.03137051e-03 6.03137051e-03 6.03137051e-03 6.03137051e-03 0.00000000e+00 6.03137051e-03
 1.02900802e-02 1.02900802e-02 1.02900802e-02 1.02900802e-02 0.00000000e+00 1.02900802e-02
 1.54550622e-02 1.54550622e-02 1.54550622e-02 1.54550622e-02 0.00000000e+00 1.54550622e-02
 2.14248684e-02 2.14248684e-02 2.14248684e-02 2.14248684e-02 0.00000000e+00 2.14248684e-02
 2.81126470e-02 2.81126470e-02 2.81126470e-02 2.81126470e-02 0.00000000e+00 2.81126470e-02
 3.54436094e-02 3.54436094e-02 3.54436094e-02 3.54436094e-02 0.00000000e+00 3.54436094e-02
 4.33530055e-02 4.33530055e-02 4.33530055e-02 4.33530055e-02 0.00000000e+00 4.33530055e-02
 5.17844943e-02 5.17844943e-02 5.17844943e-02 5.17844943e-02 0.00000000e+00 5.17844943e-02
 6.06888218e-02 6.06888218e-02 6.06888218e-02 6.06888218e-02 0.00000000e+00 6.06888218e-02
 7.00227406e-02 7.00227406e-02 7.00227406e-02 7.00227406e-02 0.00000000e+00 7.00227406e-02
 7.97481212e-02 7.97481212e-02 7.97481212e-02 7.97481212e-02 0.00000000e+00 7.97481212e-02
 8.98312170e-02 8.98312170e-02 8.98312170e-02 8.98312170e-02 0.00000000e+00 8.98312170e-02
 1.00242052e-01 1.00242052e-01 1.00242052e-01 1.00242052e-01 0.00000000e+00 1.00242052e-01
 1.10953908e-01 1.10953908e-01 1.10953908e-01 1.10953908e-01 0.00000000e+00 1.10953908e-01
 1.21942894e-01 1.21942894e-01 1.21942894e-01 1.21942894e-01 0.00000000e+00 1.21942894e-01
 1.33187584e-01 1.33187584e-01 1.33187584e-01 1.33187584e-01 0.00000000e+00 1.33187584e-01
 1.44668702e-01 1.44668702e-01 1.44668702e-01 1.44668702e-01 0.00000000e+00 1.44668702e-01
 1.56368865e-01 1.56368865e-01 1.56368865e-01 1.56368865e-01 0.00000000e+00 1.56368865e-01
 1.68272351e-01 1.68272351e-01 1.68272351e-01 1.68272351e-01 0.00000000e+00 1.68272351e-01
 1.80364910e-01 1.80364910e-01 1.80364910e-01 1.80364910e-01 0.00000000e+00 1.80364910e-01
 1.92633590e-01 1.92633590e-01 1.92633590e-01 1.92633590e-01 0.00000000e+00 1.92633590e-01
 2.05066597e-01 2.05066597e-01 2.05066597e-01 2.05066597e-01 0.00000000e+00 2.05066597e-01
 2.17653169e-01 2.17653169e-01 2.17653169e-01 2.17653169e-01 0.00000000e+00 2.17653169e-01
 2.30383461e-01 2.30383461e-01 2.30383461e-01 2.30383461e-01 0.00000000e+00 2.30383461e-01
 2.43248453e-01 2.43248453e-01 2.43248453e-01 2.43248453e-01 0.00000000e+00 2.43248453e-01
 2.56239865e-01 2.56239865e-01 2.56239865e-01 2.56239865e-01 0.00000000e+00 2.56239865e-01
 2.69350080e-01 2.69350080e-01 2.69350080e-01 2.69350080e-01 0.00000000e+00 2.69350080e-01
 2.82572083e-01 2.82572083e-01 2.82572083e-01 2.82572083e-01 0.00000000e+00 2.82572083e-01
 2.95899400e-01 2.95899400e-01 2.95899400e-01 2.95899400e-01 0.00000000e+00 2.95899400e-01
 3.09326046e-01 3.09326046e-01 3.09326046e-01 3.09326046e-01 0.00000000e+00 3.09326046e-01
 3.22846483e-01 3.22846483e-01 3.22846483e-01 3.22846483e-01 0.00000000e+00 3.22846483e-01
 3.36455577e-01 3.36455577e-01 3.36455577e-01 3.36455577e-01 0.00000000e+00 3.36455577e-01
 3.50148561e-01 3.50148561e-01 3.50148561e-01 3.50148561e-01 0.00000000e+00 3.50148561e-01
 3.63921004e-01 3.63921004e-01 3.63921004e-01 3.63921004e-01 0.00000000e+00 3.63921004e-01
 3.77768782e-01 3.77768782e-01 3.77768782e-01 3.77768782e-01 0.00000000e+00 3.77768782e-01
 3.91688051e-01 3.91688051e-01 3.91688051e-01 3.91688051e-01 0.00000000e+00 3.91688051e-01
 4.05675225e-01 4.05675225e-01 4.05675225e-01 4.05675225e-01 0.00000000e+00 4.05675225e-01
 4.19726954e-01 4.19726954e-01 4.19726954e-01 4.19726954e-01 0.00000000e+00 4.19726954e-01
 4.33840103e-01 4.33840103e-01 4.33840103e-01 4.33840103e-01 0.00000000e+00 4.33840103e-01
 4.48011738e-01 4.48011738e-01 4.48011738e-01 4.48011738e-01 0.00000000e+00 4.48011738e-01
 4.62239110e-01 4.62239110e-01 4.62239110e-01 4.62239110e-01 0.00000000e+00 4.62239110e-01
 4.76519638e-01 4.76519638e-01 4.76519638e-01 4.76519638e-01 0.00000000e+00 4.76519638e-01
 4.90850898e-01 4.90850898e-01 4.90850898e-01 4.90850898e-01 0.00000000e+00 4.90850898e-01
 5.05230612e-01 5.05230612e-01 5.05230612e-01 5.05230612e-01 0.00000000e+00 5.05230612e-01
 5.19656636e-01 5.19656636e-01 5.19656636e-01 5.19656636e-01 0.00000000e+00 5.19656636e-01
 5.34126951e-01 5.34126951e-01 5.34126951e-01 5.34126951e-01 0.00000000e+00 5.34126951e-01
 5.48639653e-01 5.48639653e-01 5.48639653e-01 5.48639653e-01 0.00000000e+00 5.48639653e-01
 5.63192946e-01 5.63192946e-01 5.63192946e-01 5.63192946e-01 0.00000000e+00 5.63192946e-01
 5.77785134e-01 5.77785134e-01 5.77785134e-01 5.77785134e-01 0.00000000e+00 5.77785134e-01
 5.92414615e-01 5.92414615e-01 5.92414615e-01 5.92414615e-01 0.00000000e+00 5.92414615e-01
 6.07079871e-01 6.07079871e-01 6.07079871e-01 6.07079871e-01 0.00000000e+00 6.07079871e-01
 6.21779469e-01 6.21779469e-01 6.21779469e-01 6.21779469e-01 0.00000000e+00 6.21779469e-01
 6.36512049e-01 6.36512049e-01 6.36512049e-01 6.36512049e-01 0.00000000e+00 6.36512049e-01
 6.51276323e-01 6.51276323e-01 6.51276323e-01 6.51276323e-01 0.00000000e+00 6.51276323e-01
 6.66071069e-01 6.66071069e-01 6.66071069e-01 6.66071069e-01 0.00000000e+00 6.66071069e-01
 6.80895126e-01 6.80895126e-01 6.80895126e-01 6.80895126e-01 0.00000000e+00 6.80895126e-01
 6.95747393e-01 6.95747393e-01 6.95747393e-01 6.95747393e-01 0.00000000e+00 6.95747393e-01
 7.10626823e-01 7.10626823e-01 7.10626823e-01 7.10626823e-01 0.00000000e+00 7.10626823e-01
 7.25532418e-01 7.25532418e-01 7.25532418e-01 7.25532418e-01 0.00000000e+00 7.25532418e-01
 7.40463232e-01 7.40463232e-01 7.40463232e-01 7.40463232e-01 0.00000000e+00 7.40463232e-01
 7.55418361e-01 7.55418361e-01 7.55418361e-01 7.55418361e-01 0.00000000e+00 7.55418361e-01
 7.70396944e-01 7.70396944e-01 7.70396944e-01 7.70396944e-01 0.00000000e+00 7.70396944e-01
 7.85398163e-01 7.85398163e-01 7.85398163e-01 7.85398163e-01 0.00000000e+00 7.85398163e-01
 8.00399382e-01 8.00399382e-01 8.00399382e-01 8.00399382e-01 0.00000000e+00 8.00399382e-01
 8.15377966e-01 8.15377966e-01 8.15377966e-01 8.15377966e-01 0.00000000e+00 8.15377966e-01
 8.30333095e-01 8.30333095e-01 8.30333095e-01 8.30333095e-01 0.00000000e+00 8.30333095e-01
 8.45263909e-01 8.45263909e-01 8.45263909e-01 8.45263909e-01 0.00000000e+00 8.45263909e-01
 8.60169504e-01 8.60169504e-01 8.60169504e-01 8.60169504e-01 0.00000000e+00 8.60169504e-01
 8.75048934e-01 8.75048934e-01 8.75048934e-01 8.75048934e-01 0.00000000e+00 8.75048934e-01
 8.89901201e-01 8.89901201e-01 8.89901201e-01 8.89901201e-01 0.00000000e+00 8.89901201e-01
 9.04725258e-01 9.04725258e-01 9.04725258e-01 9.04725258e-01 0.00000000e+00 9.04725258e-01
 9.19520004e-01 9.19520004e-01 9.19520004e-01 9.19520004e-01 0.00000000e+00 9.19520004e-01
 9.34284278e-01 9.34284278e-01 9.34284278e-01 9.34284278e-01 0.00000000e+00 9.34284278e-01
 9.49016858e-01 9.49016858e-01 9.49016858e-01 9.49016858e-01 0.00000000e+00 9.49016858e-01
 9.63716456e-01 9.63716456e-01 9.63716456e-01 9.63716456e-01 0.00000000e+00 9.63716456e-01
 9.78381712e-01 9.78381712e-01 9.78381712e-01 9.78381712e-01 0.00000000e+00 9.78381712e-01
 9.93011192e-01 9.93011192e-01 9.93011192e-01 9.93011192e-01 0.00000000e+00 9.93011192e-01
 1.00760338e+00 1.00760338e+00 1.00760338e+00 1.00760338e+00 0.00000000e+00 1.00760338e+00
 1.02215667e+00 1.02215667e+00 1.02215667e+00 1.02215667e+00 0.00000000e+00 1.02215667e+00
 1.03666938e+00 1.03666938e+00 1.03666938e+00 1.03666938e+00 0.00000000e+00 1.03666938e+00
 1.05113969e+00 1.05113969e+00 1.05113969e+00 1.05113969e+00 0.00000000e+00 1.05113969e+00
 1.06556571e+00 1.06556571e+00 1.06556571e+00 1.06556571e+00 0.00000000e+00 1.06556571e+00
 1.07994543e+00 1.07994543e+00 1.07994543e+00 1.07994543e+00 0.00000000e+00 1.07994543e+00
 1.09427669e+00 1.09427669e+00 1.09427669e+00 1.09427669e+00 0.00000000e+00 1.09427669e+00
 1.10855722e+00 1.10855722e+00 1.10855722e+00 1.10855722e+00 0.00000000e+00 1.10855722e+00
 1.12278459e+00 1.12278459e+00 1.12278459e+00 1.12278459e+00 0.00000000e+00 1.12278459e+00
 1.13695622e+00 1.13695622e+00 1.13695622e+00 1.13695622e+00 0.00000000e+00 1.13695622e+00
 1.15106937e+00 1.15106937e+00 1.15106937e+00 1.15106937e+00 0.00000000e+00 1.15106937e+00
 1.16512110e+00 1.16512110e+00 1.16512110e+00 1.16512110e+00 0.00000000e+00 1.16512110e+00
 1.17910828e+00 1.17910828e+00 1.17910828e+00 1.17910828e+00 0.00000000e+00 1.17910828e+00
 1.19302755e+00 1.19302755e+00 1.19302755e+00 1.19302755e+00 0.00000000e+00 1.19302755e+00
 1.20687532e+00 1.20687532e+00 1.20687532e+00 1.20687532e+00 0.00000000e+00 1.20687532e+00
 1.22064777e+00 1.22064777e+00 1.22064777e+00 1.22064777e+00 0.00000000e+00 1.22064777e+00
 1.23434075e+00 1.23434075e+00 1.23434075e+00 1.23434075e+00 0.00000000e+00 1.23434075e+00
 1.24794984e+00 1.24794984e+00 1.24794984e+00 1.24794984e+00 0.00000000e+00 1.24794984e+00
 1.26147028e+00 1.26147028e+00 1.26147028e+00 1.26147028e+00 0.00000000e+00 1.26147028e+00
 1.27489693e+00 1.27489693e+00 1.27489693e+00 1.27489693e+00 0.00000000e+00 1.27489693e+00
 1.28822424e+00 1.28822424e+00 1.28822424e+00 1.28822424e+00 0.00000000e+00 1.28822424e+00
 1.30144625e+00 1.30144625e+00 1.30144625e+00 1.30144625e+00 0.00000000e+00 1.30144625e+00
 1.31455646e+00 1.31455646e+00 1.31455646e+00 1.31455646e+00 0.00000000e+00 1.31455646e+00
 1.32754787e+00 1.32754787e+00 1.32754787e+00 1.32754787e+00 0.00000000e+00 1.32754787e+00
 1.34041287e+00 1.34041287e+00 1.34041287e+00 1.34041287e+00 0.00000000e+00 1.34041287e+00
 1.35314316e+00 1.35314316e+00 1.35314316e+00 1.35314316e+00 0.00000000e+00 1.35314316e+00
 1.36572973e+00 1.36572973e+00 1.36572973e+00 1.36572973e+00 0.00000000e+00 1.36572973e+00
 1.37816274e+00 1.37816274e+00 1.37816274e+00 1.37816274e+00 0.00000000e+00 1.37816274e+00
 1.39043142e+00 1.39043142e+00 1.39043142e+00 1.39043142e+00 0.00000000e+00 1.39043142e+00
 1.40252398e+00 1.40252398e+00 1.40252398e+00 1.40252398e+00 0.00000000e+00 1.40252398e+00
 1.41442746e+00 1.41442746e+00 1.41442746e+00 1.41442746e+00 0.00000000e+00 1.41442746e+00
 1.42612762e+00 1.42612762e+00 1.42612762e+00 1.42612762e+00 0.00000000e+00 1.42612762e+00
 1.43760874e+00 1.43760874e+00 1.43760874e+00 1.43760874e+00 0.00000000e+00 1.43760874e+00
 1.44885343e+00 1.44885343e+00 1.44885343e+00 1.44885343e+00 0.00000000e+00 1.44885343e+00
 1.45984242e+00 1.45984242e+00 1.45984242e+00 1.45984242e+00 0.00000000e+00 1.45984242e+00
 1.47055427e+00 1.47055427e+00 1.47055427e+00 1.47055427e+00 0.00000000e+00 1.47055427e+00
 1.48096511e+00 1.48096511e+00 1.48096511e+00 1.48096511e+00 0.00000000e+00 1.48096511e+00
 1.49104821e+00 1.49104821e+00 1.49104821e+00 1.49104821e+00 0.00000000e+00 1.49104821e+00
 1.50077359e+00 1.50077359e+00 1.50077359e+00 1.50077359e+00 0.00000000e+00 1.50077359e+00
 1.51010750e+00 1.51010750e+00 1.51010750e+00 1.51010750e+00 0.00000000e+00 1.51010750e+00
 1.51901183e+00 1.51901183e+00 1.51901183e+00 1.51901183e+00 0.00000000e+00 1.51901183e+00
 1.52744332e+00 1.52744332e+00 1.52744332e+00 1.52744332e+00 0.00000000e+00 1.52744332e+00
 1.53535272e+00 1.53535272e+00 1.53535272e+00 1.53535272e+00 0.00000000e+00 1.53535272e+00
 1.54268368e+00 1.54268368e+00 1.54268368e+00 1.54268368e+00 0.00000000e+00 1.54268368e+00
 1.54937146e+00 1.54937146e+00 1.54937146e+00 1.54937146e+00 0.00000000e+00 1.54937146e+00
 1.55534126e+00 1.55534126e+00 1.55534126e+00 1.55534126e+00 0.00000000e+00 1.55534126e+00
 1.56050625e+00 1.56050625e+00 1.56050625e+00 1.56050625e+00 0.00000000e+00 1.56050625e+00
 1.56476496e+00 1.56476496e+00 1.56476496e+00 1.56476496e+00 0.00000000e+00 1.56476496e+00
 1.56799815e+00 1.56799815e+00 1.56799815e+00 1.56799815e+00 0.00000000e+00 1.56799815e+00
 1.57006469e+00 1.57006469e+00 1.57006469e+00 1.57006469e+00 0.00000000e+00 1.57006469e+00
 1.57079633e+00 1.57079633e+00 1.57079633e+00 1.57079633e+00 0.00000000e+00 1.57079633e+00
